tick_ms,target_speed,actual_speed,control_output,position,state,faults
10,0.000000,0.000000,0.000000,0.000000,READY,0x00000000
20,0.000000,0.000000,0.000000,0.000000,READY,0x00000000
30,0.000000,0.000000,0.000000,0.000000,READY,0x00000000
40,0.000000,0.000000,0.000000,0.000000,READY,0x00000000
50,0.000000,0.000000,0.000000,0.000000,READY,0x00000000
60,0.000000,0.000000,0.000000,0.000000,READY,0x00000000
70,0.000000,0.000000,0.000000,0.000000,READY,0x00000000
80,0.000000,0.000000,0.000000,0.000000,READY,0x00000000
90,0.000000,0.000000,0.000000,0.000000,READY,0x00000000
100,0.000000,0.000000,0.000000,0.000000,READY,0x00000000
110,0.000000,0.000000,0.000000,0.000000,READY,0x00000000
120,0.000000,0.000000,0.000000,0.000000,READY,0x00000000
130,0.000000,0.000000,0.000000,0.000000,READY,0x00000000
140,0.000000,0.000000,0.000000,0.000000,READY,0x00000000
150,0.000000,0.000000,0.000000,0.000000,READY,0x00000000
160,0.000000,0.000000,0.000000,0.000000,READY,0x00000000
170,0.000000,0.000000,0.000000,0.000000,READY,0x00000000
180,0.000000,0.000000,0.000000,0.000000,READY,0x00000000
190,0.000000,0.000000,0.000000,0.000000,READY,0x00000000
200,0.000000,0.000000,0.000000,0.000000,READY,0x00000000
210,0.000000,0.000000,0.000000,0.000000,READY,0x00000000
220,0.000000,0.000000,0.000000,0.000000,READY,0x00000000
230,0.000000,0.000000,0.000000,0.000000,READY,0x00000000
240,0.000000,0.000000,0.000000,0.000000,READY,0x00000000
250,0.000000,0.000000,0.000000,0.000000,READY,0x00000000
260,0.000000,0.000000,0.000000,0.000000,READY,0x00000000
270,0.000000,0.000000,0.000000,0.000000,READY,0x00000000
280,0.000000,0.000000,0.000000,0.000000,READY,0x00000000
290,0.000000,0.000000,0.000000,0.000000,READY,0x00000000
300,0.000000,0.000000,0.000000,0.000000,READY,0x00000000
310,0.000000,0.000000,0.000000,0.000000,READY,0x00000000
320,0.000000,0.000000,0.000000,0.000000,READY,0x00000000
330,0.000000,0.000000,0.000000,0.000000,READY,0x00000000
340,0.000000,0.000000,0.000000,0.000000,READY,0x00000000
350,0.000000,0.000000,0.000000,0.000000,READY,0x00000000
360,0.000000,0.000000,0.000000,0.000000,READY,0x00000000
370,0.000000,0.000000,0.000000,0.000000,READY,0x00000000
380,0.000000,0.000000,0.000000,0.000000,READY,0x00000000
390,0.000000,0.000000,0.000000,0.000000,READY,0x00000000
400,0.000000,0.000000,0.000000,0.000000,READY,0x00000000
410,0.000000,0.000000,0.000000,0.000000,READY,0x00000000
420,0.000000,0.000000,0.000000,0.000000,READY,0x00000000
430,0.000000,0.000000,0.000000,0.000000,READY,0x00000000
440,0.000000,0.000000,0.000000,0.000000,READY,0x00000000
450,0.000000,0.000000,0.000000,0.000000,READY,0x00000000
460,0.000000,0.000000,0.000000,0.000000,READY,0x00000000
470,0.000000,0.000000,0.000000,0.000000,READY,0x00000000
480,0.000000,0.000000,0.000000,0.000000,READY,0x00000000
490,0.000000,0.000000,0.000000,0.000000,READY,0x00000000
500,0.000000,0.000000,0.000000,0.000000,READY,0x00000000
510,0.000000,0.000000,0.000000,0.000000,RUNNING,0x00000000
520,0.000000,0.000000,0.000000,0.000000,RUNNING,0x00000000
530,0.000000,0.000000,0.000000,0.000000,RUNNING,0x00000000
540,0.000000,0.000000,0.000000,0.000000,RUNNING,0x00000000
550,0.000000,0.000000,0.000000,0.000000,RUNNING,0x00000000
560,0.000000,0.000000,0.000000,0.000000,RUNNING,0x00000000
570,0.000000,0.000000,0.000000,0.000000,RUNNING,0x00000000
580,0.000000,0.000000,0.000000,0.000000,RUNNING,0x00000000
590,0.000000,0.000000,0.000000,0.000000,RUNNING,0x00000000
600,0.000000,0.000000,0.000000,0.000000,RUNNING,0x00000000
610,0.000000,0.000000,0.000000,0.000000,RUNNING,0x00000000
620,0.000000,0.000000,0.000000,0.000000,RUNNING,0x00000000
630,0.000000,0.000000,0.000000,0.000000,RUNNING,0x00000000
640,0.000000,0.000000,0.000000,0.000000,RUNNING,0x00000000
650,0.000000,0.000000,0.000000,0.000000,RUNNING,0x00000000
660,0.000000,0.000000,0.000000,0.000000,RUNNING,0x00000000
670,0.000000,0.000000,0.000000,0.000000,RUNNING,0x00000000
680,0.000000,0.000000,0.000000,0.000000,RUNNING,0x00000000
690,0.000000,0.000000,0.000000,0.000000,RUNNING,0x00000000
700,0.000000,0.000000,0.000000,0.000000,RUNNING,0x00000000
710,0.000000,0.000000,0.000000,0.000000,RUNNING,0x00000000
720,0.000000,0.000000,0.000000,0.000000,RUNNING,0x00000000
730,0.000000,0.000000,0.000000,0.000000,RUNNING,0x00000000
740,0.000000,0.000000,0.000000,0.000000,RUNNING,0x00000000
750,0.000000,0.000000,0.000000,0.000000,RUNNING,0x00000000
760,0.000000,0.000000,0.000000,0.000000,RUNNING,0x00000000
770,0.000000,0.000000,0.000000,0.000000,RUNNING,0x00000000
780,0.000000,0.000000,0.000000,0.000000,RUNNING,0x00000000
790,0.000000,0.000000,0.000000,0.000000,RUNNING,0x00000000
800,0.000000,0.000000,0.000000,0.000000,RUNNING,0x00000000
810,0.000000,0.000000,0.000000,0.000000,RUNNING,0x00000000
820,0.000000,0.000000,0.000000,0.000000,RUNNING,0x00000000
830,0.000000,0.000000,0.000000,0.000000,RUNNING,0x00000000
840,0.000000,0.000000,0.000000,0.000000,RUNNING,0x00000000
850,0.000000,0.000000,0.000000,0.000000,RUNNING,0x00000000
860,0.000000,0.000000,0.000000,0.000000,RUNNING,0x00000000
870,0.000000,0.000000,0.000000,0.000000,RUNNING,0x00000000
880,0.000000,0.000000,0.000000,0.000000,RUNNING,0x00000000
890,0.000000,0.000000,0.000000,0.000000,RUNNING,0x00000000
900,0.000000,0.000000,0.000000,0.000000,RUNNING,0x00000000
910,0.000000,0.000000,0.000000,0.000000,RUNNING,0x00000000
920,0.000000,0.000000,0.000000,0.000000,RUNNING,0x00000000
930,0.000000,0.000000,0.000000,0.000000,RUNNING,0x00000000
940,0.000000,0.000000,0.000000,0.000000,RUNNING,0x00000000
950,0.000000,0.000000,0.000000,0.000000,RUNNING,0x00000000
960,0.000000,0.000000,0.000000,0.000000,RUNNING,0x00000000
970,0.000000,0.000000,0.000000,0.000000,RUNNING,0x00000000
980,0.000000,0.000000,0.000000,0.000000,RUNNING,0x00000000
990,0.000000,0.000000,0.000000,0.000000,RUNNING,0x00000000
1000,0.000000,0.000000,0.000000,0.000000,RUNNING,0x00000000
1010,1000.000000,100.000000,100.000000,1.000000,RUNNING,0x00000000
1020,1000.000000,198.000000,100.000000,2.980000,RUNNING,0x00000000
1030,1000.000000,294.040009,100.000000,5.920400,RUNNING,0x00000000
1040,1000.000000,388.159210,100.000000,9.801992,RUNNING,0x00000000
1050,1000.000000,480.396027,100.000000,14.605952,RUNNING,0x00000000
1060,1000.000000,570.788086,100.000000,20.313833,RUNNING,0x00000000
1070,1000.000000,659.372314,100.000000,26.907557,RUNNING,0x00000000
1080,1000.000000,746.184875,100.000000,34.369404,RUNNING,0x00000000
1090,1000.000000,831.261169,100.000000,42.682014,RUNNING,0x00000000
1100,1000.000000,902.326904,87.690979,51.705284,RUNNING,0x00000000
1110,1000.000000,960.156250,75.875877,61.306847,RUNNING,0x00000000
1120,1000.000000,1006.818176,65.865028,71.375031,RUNNING,0x00000000
1130,1000.000000,1044.079468,57.397701,81.815826,RUNNING,0x00000000
1140,1000.000000,1073.447754,50.249874,92.550301,RUNNING,0x00000000
1150,1000.000000,1096.207886,44.229103,103.512383,RUNNING,0x00000000
1160,1000.000000,1113.453979,39.170200,114.646919,RUNNING,0x00000000
1170,1000.000000,1126.116211,34.931362,125.908081,RUNNING,0x00000000
1180,1000.000000,1134.984863,31.391001,137.257935,RUNNING,0x00000000
1190,1000.000000,1140.729980,28.444794,148.665237,RUNNING,0x00000000
1200,1000.000000,1143.918701,26.003372,160.104431,RUNNING,0x00000000
1210,1000.000000,1145.030518,23.990217,171.554733,RUNNING,0x00000000
1220,1000.000000,1144.469727,22.339785,182.999435,RUNNING,0x00000000
1230,1000.000000,1142.576416,20.996029,194.425201,RUNNING,0x00000000
1240,1000.000000,1139.635986,19.911058,205.821564,RUNNING,0x00000000
1250,1000.000000,1135.887207,19.043978,217.180435,RUNNING,0x00000000
1260,1000.000000,1131.529297,18.359886,228.495728,RUNNING,0x00000000
1270,1000.000000,1126.727783,17.829018,239.763000,RUNNING,0x00000000
1280,1000.000000,1121.619263,17.426012,250.979187,RUNNING,0x00000000
1290,1000.000000,1116.316284,17.129353,262.142365,RUNNING,0x00000000
1300,1000.000000,1110.910645,16.920727,273.251465,RUNNING,0x00000000
1310,1000.000000,1105.477051,16.784634,284.306244,RUNNING,0x00000000
1320,1000.000000,1100.075439,16.707909,295.307007,RUNNING,0x00000000
1330,1000.000000,1094.753418,16.679443,306.254547,RUNNING,0x00000000
1340,1000.000000,1089.548218,16.689875,317.150024,RUNNING,0x00000000
1350,1000.000000,1084.488525,16.731331,327.994904,RUNNING,0x00000000
1360,1000.000000,1079.595947,16.797188,338.790863,RUNNING,0x00000000
1370,1000.000000,1074.885864,16.881893,349.539734,RUNNING,0x00000000
1380,1000.000000,1070.369019,16.980848,360.243439,RUNNING,0x00000000
1390,1000.000000,1066.051880,17.090191,370.903961,RUNNING,0x00000000
1400,1000.000000,1061.937622,17.206757,381.523346,RUNNING,0x00000000
1410,1000.000000,1058.026855,17.327946,392.103607,RUNNING,0x00000000
1420,1000.000000,1054.317993,17.451616,402.646790,RUNNING,0x00000000
1430,1000.000000,1050.807617,17.576031,413.154877,RUNNING,0x00000000
1440,1000.000000,1047.491333,17.699821,423.629791,RUNNING,0x00000000
1450,1000.000000,1044.363403,17.821840,434.073425,RUNNING,0x00000000
1460,1000.000000,1041.417358,17.941235,444.487610,RUNNING,0x00000000
1470,1000.000000,1038.646362,18.057350,454.874084,RUNNING,0x00000000
1480,1000.000000,1036.043091,18.169666,465.234528,RUNNING,0x00000000
1490,1000.000000,1033.600098,18.277822,475.570526,RUNNING,0x00000000
1500,1000.000000,1031.309692,18.381561,485.883636,RUNNING,0x00000000
1510,1000.000000,1029.164185,18.480738,496.175293,RUNNING,0x00000000
1520,1000.000000,1027.156128,18.575287,506.446869,RUNNING,0x00000000
1530,1000.000000,1025.278198,18.665176,516.699646,RUNNING,0x00000000
1540,1000.000000,1023.523071,18.750422,526.934875,RUNNING,0x00000000
1550,1000.000000,1021.883728,18.831112,537.153687,RUNNING,0x00000000
1560,1000.000000,1020.353394,18.907356,547.357239,RUNNING,0x00000000
1570,1000.000000,1018.925598,18.979284,557.546509,RUNNING,0x00000000
1580,1000.000000,1017.594116,19.047029,567.722473,RUNNING,0x00000000
1590,1000.000000,1016.352966,19.110756,577.885986,RUNNING,0x00000000
1600,1000.000000,1015.196533,19.170631,588.037964,RUNNING,0x00000000
1610,1000.000000,1014.119446,19.226824,598.179138,RUNNING,0x00000000
1620,1000.000000,1013.116577,19.279505,608.310303,RUNNING,0x00000000
1630,1000.000000,1012.183105,19.328854,618.432129,RUNNING,0x00000000
1640,1000.000000,1011.314514,19.375048,628.545288,RUNNING,0x00000000
1650,1000.000000,1010.506470,19.418247,638.650330,RUNNING,0x00000000
1660,1000.000000,1009.754944,19.458632,648.747864,RUNNING,0x00000000
1670,1000.000000,1009.056213,19.496357,658.838440,RUNNING,0x00000000
1680,1000.000000,1008.406677,19.531565,668.922485,RUNNING,0x00000000
1690,1000.000000,1007.802979,19.564415,679.000488,RUNNING,0x00000000
1700,1000.000000,1007.241943,19.595053,689.072937,RUNNING,0x00000000
1710,1000.000000,1006.720703,19.623617,699.140137,RUNNING,0x00000000
1720,1000.000000,1006.236511,19.650234,709.202515,RUNNING,0x00000000
1730,1000.000000,1005.786804,19.675024,719.260376,RUNNING,0x00000000
1740,1000.000000,1005.369141,19.698103,729.314087,RUNNING,0x00000000
1750,1000.000000,1004.981323,19.719589,739.363892,RUNNING,0x00000000
1760,1000.000000,1004.621277,19.739584,749.410095,RUNNING,0x00000000
1770,1000.000000,1004.287048,19.758181,759.452942,RUNNING,0x00000000
1780,1000.000000,1003.976807,19.775471,769.492737,RUNNING,0x00000000
1790,1000.000000,1003.688843,19.791546,779.529602,RUNNING,0x00000000
1800,1000.000000,1003.421570,19.806492,789.563843,RUNNING,0x00000000
1810,1000.000000,1003.173523,19.820385,799.595581,RUNNING,0x00000000
1820,1000.000000,1002.943359,19.833300,809.625000,RUNNING,0x00000000
1830,1000.000000,1002.729797,19.845295,819.652283,RUNNING,0x00000000
1840,1000.000000,1002.531616,19.856438,829.677612,RUNNING,0x00000000
1850,1000.000000,1002.347778,19.866795,839.701111,RUNNING,0x00000000
1860,1000.000000,1002.177246,19.876408,849.722900,RUNNING,0x00000000
1870,1000.000000,1002.019043,19.885330,859.743103,RUNNING,0x00000000
1880,1000.000000,1001.872253,19.893616,869.761841,RUNNING,0x00000000
1890,1000.000000,1001.736145,19.901316,879.779175,RUNNING,0x00000000
1900,1000.000000,1001.609863,19.908455,889.795288,RUNNING,0x00000000
1910,1000.000000,1001.492737,19.915087,899.810242,RUNNING,0x00000000
1920,1000.000000,1001.384155,19.921244,909.824097,RUNNING,0x00000000
1930,1000.000000,1001.283447,19.926947,919.836914,RUNNING,0x00000000
1940,1000.000000,1001.190002,19.932240,929.848816,RUNNING,0x00000000
1950,1000.000000,1001.103333,19.937159,939.859863,RUNNING,0x00000000
1960,1000.000000,1001.023010,19.941725,949.870117,RUNNING,0x00000000
1970,1000.000000,1000.948486,19.945953,959.879578,RUNNING,0x00000000
1980,1000.000000,1000.879395,19.949883,969.888367,RUNNING,0x00000000
1990,1000.000000,1000.815308,19.953524,979.896545,RUNNING,0x00000000
2000,1000.000000,1000.755920,19.956905,989.904114,RUNNING,0x00000000
2010,1000.000000,1000.700867,19.960035,999.911133,RUNNING,0x00000000
2020,1000.000000,1000.649780,19.962936,1009.917603,RUNNING,0x00000000
2030,1000.000000,1000.602417,19.965633,1019.923645,RUNNING,0x00000000
2040,1000.000000,1000.558533,19.968136,1029.929199,RUNNING,0x00000000
2050,1000.000000,1000.517822,19.970449,1039.934326,RUNNING,0x00000000
2060,1000.000000,1000.480042,19.972599,1049.939087,RUNNING,0x00000000
2070,1000.000000,1000.445068,19.974600,1059.943481,RUNNING,0x00000000
2080,1000.000000,1000.412598,19.976444,1069.947632,RUNNING,0x00000000
2090,1000.000000,1000.382507,19.978163,1079.951416,RUNNING,0x00000000
2100,1000.000000,1000.354614,19.979755,1089.954956,RUNNING,0x00000000
2110,1000.000000,1000.328735,19.981230,1099.958252,RUNNING,0x00000000
2120,1000.000000,1000.304749,19.982601,1109.961304,RUNNING,0x00000000
2130,1000.000000,1000.282532,19.983870,1119.964111,RUNNING,0x00000000
2140,1000.000000,1000.261902,19.985044,1129.966675,RUNNING,0x00000000
2150,1000.000000,1000.242798,19.986139,1139.969116,RUNNING,0x00000000
2160,1000.000000,1000.225098,19.987150,1149.971313,RUNNING,0x00000000
2170,1000.000000,1000.208679,19.988085,1159.973389,RUNNING,0x00000000
2180,1000.000000,1000.193481,19.988955,1169.975342,RUNNING,0x00000000
2190,1000.000000,1000.179382,19.989756,1179.977173,RUNNING,0x00000000
2200,1000.000000,1000.166321,19.990499,1189.978882,RUNNING,0x00000000
2210,1000.000000,1000.154175,19.991188,1199.980469,RUNNING,0x00000000
2220,1000.000000,1000.142944,19.991833,1209.981934,RUNNING,0x00000000
2230,1000.000000,1000.132507,19.992426,1219.983276,RUNNING,0x00000000
2240,1000.000000,1000.122864,19.992979,1229.984497,RUNNING,0x00000000
2250,1000.000000,1000.113892,19.993486,1239.985596,RUNNING,0x00000000
2260,1000.000000,1000.105591,19.993963,1249.986694,RUNNING,0x00000000
2270,1000.000000,1000.097900,19.994400,1259.987671,RUNNING,0x00000000
2280,1000.000000,1000.090759,19.994806,1269.988525,RUNNING,0x00000000
2290,1000.000000,1000.084106,19.995184,1279.989380,RUNNING,0x00000000
2300,1000.000000,1000.077942,19.995541,1289.990112,RUNNING,0x00000000
2310,1000.000000,1000.072266,19.995869,1299.990845,RUNNING,0x00000000
2320,1000.000000,1000.067017,19.996168,1309.991455,RUNNING,0x00000000
2330,1000.000000,1000.062134,19.996445,1319.992065,RUNNING,0x00000000
2340,1000.000000,1000.057617,19.996700,1329.992676,RUNNING,0x00000000
2350,1000.000000,1000.053406,19.996939,1339.993164,RUNNING,0x00000000
2360,1000.000000,1000.049500,19.997162,1349.993652,RUNNING,0x00000000
2370,1000.000000,1000.045898,19.997370,1359.994141,RUNNING,0x00000000
2380,1000.000000,1000.042542,19.997557,1369.994507,RUNNING,0x00000000
2390,1000.000000,1000.039429,19.997736,1379.994873,RUNNING,0x00000000
2400,1000.000000,1000.036560,19.997902,1389.995239,RUNNING,0x00000000
2410,1000.000000,1000.033875,19.998053,1399.995605,RUNNING,0x00000000
2420,1000.000000,1000.031372,19.998196,1409.995972,RUNNING,0x00000000
2430,1000.000000,1000.029053,19.998333,1419.996216,RUNNING,0x00000000
2440,1000.000000,1000.026917,19.998461,1429.996460,RUNNING,0x00000000
2450,1000.000000,1000.024963,19.998577,1439.996704,RUNNING,0x00000000
2460,1000.000000,1000.023132,19.998678,1449.996948,RUNNING,0x00000000
2470,1000.000000,1000.021423,19.998777,1459.997192,RUNNING,0x00000000
2480,1000.000000,1000.019836,19.998871,1469.997437,RUNNING,0x00000000
2490,1000.000000,1000.018372,19.998959,1479.997681,RUNNING,0x00000000
2500,1000.000000,1000.017029,19.999039,1489.997803,RUNNING,0x00000000
2510,1000.000000,1000.015808,19.999111,1499.997925,RUNNING,0x00000000
2520,1000.000000,1000.014648,19.999172,1509.998047,RUNNING,0x00000000
2530,1000.000000,1000.013611,19.999235,1519.998169,RUNNING,0x00000000
2540,1000.000000,1000.012634,19.999287,1529.998291,RUNNING,0x00000000
2550,1000.000000,1000.011719,19.999336,1539.998413,RUNNING,0x00000000
2560,1000.000000,1000.010864,19.999384,1549.998535,RUNNING,0x00000000
2570,1000.000000,1000.010071,19.999430,1559.998657,RUNNING,0x00000000
2580,1000.000000,1000.009338,19.999472,1569.998779,RUNNING,0x00000000
2590,1000.000000,1000.008667,19.999510,1579.998901,RUNNING,0x00000000
2600,1000.000000,1000.008057,19.999544,1589.999023,RUNNING,0x00000000
2610,1000.000000,1000.007446,19.999575,1599.999146,RUNNING,0x00000000
2620,1000.000000,1000.006897,19.999609,1609.999268,RUNNING,0x00000000
2630,1000.000000,1000.006409,19.999640,1619.999390,RUNNING,0x00000000
2640,1000.000000,1000.005920,19.999662,1629.999390,RUNNING,0x00000000
2650,1000.000000,1000.005493,19.999691,1639.999390,RUNNING,0x00000000
2660,1000.000000,1000.005127,19.999714,1649.999390,RUNNING,0x00000000
2670,1000.000000,1000.004761,19.999727,1659.999390,RUNNING,0x00000000
2680,1000.000000,1000.004395,19.999746,1669.999390,RUNNING,0x00000000
2690,1000.000000,1000.004089,19.999767,1679.999390,RUNNING,0x00000000
2700,1000.000000,1000.003784,19.999783,1689.999390,RUNNING,0x00000000
2710,1000.000000,1000.003479,19.999800,1699.999390,RUNNING,0x00000000
2720,1000.000000,1000.003235,19.999821,1709.999390,RUNNING,0x00000000
2730,1000.000000,1000.002991,19.999832,1719.999390,RUNNING,0x00000000
2740,1000.000000,1000.002747,19.999846,1729.999390,RUNNING,0x00000000
2750,1000.000000,1000.002563,19.999863,1739.999390,RUNNING,0x00000000
2760,1000.000000,1000.002380,19.999870,1749.999390,RUNNING,0x00000000
2770,1000.000000,1000.002197,19.999880,1759.999390,RUNNING,0x00000000
2780,1000.000000,1000.002014,19.999891,1769.999390,RUNNING,0x00000000
2790,1000.000000,1000.001892,19.999903,1779.999390,RUNNING,0x00000000
2800,1000.000000,1000.001770,19.999905,1789.999390,RUNNING,0x00000000
2810,1000.000000,1000.001648,19.999910,1799.999390,RUNNING,0x00000000
2820,1000.000000,1000.001526,19.999914,1809.999390,RUNNING,0x00000000
2830,1000.000000,1000.001404,19.999922,1819.999390,RUNNING,0x00000000
2840,1000.000000,1000.001282,19.999931,1829.999390,RUNNING,0x00000000
2850,1000.000000,1000.001221,19.999939,1839.999390,RUNNING,0x00000000
2860,1000.000000,1000.001160,19.999939,1849.999390,RUNNING,0x00000000
2870,1000.000000,1000.001099,19.999939,1859.999390,RUNNING,0x00000000
2880,1000.000000,1000.001038,19.999937,1869.999390,RUNNING,0x00000000
2890,1000.000000,1000.000977,19.999939,1879.999390,RUNNING,0x00000000
2900,1000.000000,1000.000916,19.999941,1889.999390,RUNNING,0x00000000
2910,1000.000000,1000.000854,19.999943,1899.999390,RUNNING,0x00000000
2920,1000.000000,1000.000793,19.999945,1909.999390,RUNNING,0x00000000
2930,1000.000000,1000.000732,19.999949,1919.999390,RUNNING,0x00000000
2940,1000.000000,1000.000671,19.999952,1929.999390,RUNNING,0x00000000
2950,1000.000000,1000.000610,19.999956,1939.999390,RUNNING,0x00000000
2960,1000.000000,1000.000549,19.999960,1949.999390,RUNNING,0x00000000
2970,1000.000000,1000.000488,19.999966,1959.999390,RUNNING,0x00000000
2980,1000.000000,1000.000427,19.999971,1969.999390,RUNNING,0x00000000
2990,1000.000000,1000.000427,19.999979,1979.999390,RUNNING,0x00000000
3000,1000.000000,1000.000366,19.999975,1989.999390,RUNNING,0x00000000
3010,1000.000000,1000.000366,19.999981,1999.999390,RUNNING,0x00000000
3020,1000.000000,1000.000366,19.999977,2009.999390,RUNNING,0x00000000
3030,1000.000000,1000.000305,19.999973,2019.999390,RUNNING,0x00000000
3040,1000.000000,1000.000305,19.999981,2029.999390,RUNNING,0x00000000
3050,1000.000000,1000.000305,19.999977,2039.999390,RUNNING,0x00000000
3060,1000.000000,1000.000244,19.999973,2049.999512,RUNNING,0x00000000
3070,1000.000000,1000.000244,19.999983,2059.999512,RUNNING,0x00000000
3080,1000.000000,1000.000244,19.999981,2069.999512,RUNNING,0x00000000
3090,1000.000000,1000.000244,19.999979,2079.999512,RUNNING,0x00000000
3100,1000.000000,1000.000244,19.999977,2089.999512,RUNNING,0x00000000
3110,1000.000000,1000.000244,19.999975,2099.999512,RUNNING,0x00000000
3120,1000.000000,1000.000183,19.999973,2109.999512,RUNNING,0x00000000
3130,1000.000000,1000.000183,19.999983,2119.999512,RUNNING,0x00000000
3140,1000.000000,1000.000183,19.999981,2129.999512,RUNNING,0x00000000
3150,1000.000000,1000.000183,19.999979,2139.999512,RUNNING,0x00000000
3160,1000.000000,1000.000183,19.999977,2149.999512,RUNNING,0x00000000
3170,1000.000000,1000.000183,19.999975,2159.999512,RUNNING,0x00000000
3180,1000.000000,1000.000183,19.999973,2169.999512,RUNNING,0x00000000
3190,1000.000000,1000.000122,19.999971,2179.999512,RUNNING,0x00000000
3200,1000.000000,1000.000122,19.999979,2189.999512,RUNNING,0x00000000
3210,1000.000000,1000.000122,19.999977,2199.999512,RUNNING,0x00000000
3220,1000.000000,1000.000122,19.999975,2209.999512,RUNNING,0x00000000
3230,1000.000000,1000.000122,19.999973,2219.999512,RUNNING,0x00000000
3240,1000.000000,1000.000061,19.999971,2229.999512,RUNNING,0x00000000
3250,1000.000000,1000.000061,19.999983,2239.999512,RUNNING,0x00000000
3260,1000.000000,1000.000061,19.999983,2249.999512,RUNNING,0x00000000
3270,1000.000000,1000.000061,19.999983,2259.999512,RUNNING,0x00000000
3280,1000.000000,1000.000061,19.999983,2269.999512,RUNNING,0x00000000
3290,1000.000000,1000.000061,19.999983,2279.999512,RUNNING,0x00000000
3300,1000.000000,1000.000061,19.999983,2289.999512,RUNNING,0x00000000
3310,1000.000000,1000.000061,19.999983,2299.999512,RUNNING,0x00000000
3320,1000.000000,1000.000061,19.999983,2309.999512,RUNNING,0x00000000
3330,1000.000000,1000.000061,19.999983,2319.999512,RUNNING,0x00000000
3340,1000.000000,1000.000061,19.999983,2329.999512,RUNNING,0x00000000
3350,1000.000000,1000.000061,19.999983,2339.999512,RUNNING,0x00000000
3360,1000.000000,1000.000061,19.999983,2349.999512,RUNNING,0x00000000
3370,1000.000000,1000.000061,19.999983,2359.999512,RUNNING,0x00000000
3380,1000.000000,1000.000061,19.999983,2369.999512,RUNNING,0x00000000
3390,1000.000000,1000.000061,19.999983,2379.999512,RUNNING,0x00000000
3400,1000.000000,1000.000061,19.999983,2389.999512,RUNNING,0x00000000
3410,1000.000000,1000.000061,19.999983,2399.999512,RUNNING,0x00000000
3420,1000.000000,1000.000061,19.999983,2409.999512,RUNNING,0x00000000
3430,1000.000000,1000.000061,19.999983,2419.999512,RUNNING,0x00000000
3440,1000.000000,1000.000061,19.999983,2429.999512,RUNNING,0x00000000
3450,1000.000000,1000.000061,19.999983,2439.999512,RUNNING,0x00000000
3460,1000.000000,1000.000061,19.999983,2449.999512,RUNNING,0x00000000
3470,1000.000000,1000.000061,19.999983,2459.999512,RUNNING,0x00000000
3480,1000.000000,1000.000061,19.999983,2469.999512,RUNNING,0x00000000
3490,1000.000000,1000.000061,19.999983,2479.999512,RUNNING,0x00000000
3500,1000.000000,1000.000061,19.999983,2489.999512,RUNNING,0x00000000
3510,1000.000000,1000.000061,19.999983,2499.999512,RUNNING,0x00000000
3520,1000.000000,1000.000061,19.999983,2509.999512,RUNNING,0x00000000
3530,1000.000000,1000.000061,19.999983,2519.999512,RUNNING,0x00000000
3540,1000.000000,1000.000061,19.999983,2529.999512,RUNNING,0x00000000
3550,1000.000000,1000.000061,19.999983,2539.999512,RUNNING,0x00000000
3560,1000.000000,1000.000061,19.999983,2549.999512,RUNNING,0x00000000
3570,1000.000000,1000.000061,19.999983,2559.999512,RUNNING,0x00000000
3580,1000.000000,1000.000061,19.999983,2569.999512,RUNNING,0x00000000
3590,1000.000000,1000.000061,19.999983,2579.999512,RUNNING,0x00000000
3600,1000.000000,1000.000061,19.999983,2589.999512,RUNNING,0x00000000
3610,1000.000000,1000.000061,19.999983,2599.999512,RUNNING,0x00000000
3620,1000.000000,1000.000061,19.999983,2609.999512,RUNNING,0x00000000
3630,1000.000000,1000.000061,19.999983,2619.999512,RUNNING,0x00000000
3640,1000.000000,1000.000061,19.999983,2629.999512,RUNNING,0x00000000
3650,1000.000000,1000.000061,19.999983,2639.999512,RUNNING,0x00000000
3660,1000.000000,1000.000061,19.999983,2649.999512,RUNNING,0x00000000
3670,1000.000000,1000.000061,19.999983,2659.999512,RUNNING,0x00000000
3680,1000.000000,1000.000061,19.999983,2669.999512,RUNNING,0x00000000
3690,1000.000000,1000.000061,19.999983,2679.999512,RUNNING,0x00000000
3700,1000.000000,1000.000061,19.999983,2689.999512,RUNNING,0x00000000
3710,1000.000000,1000.000061,19.999983,2699.999512,RUNNING,0x00000000
3720,1000.000000,1000.000061,19.999983,2709.999512,RUNNING,0x00000000
3730,1000.000000,1000.000061,19.999983,2719.999512,RUNNING,0x00000000
3740,1000.000000,1000.000061,19.999983,2729.999512,RUNNING,0x00000000
3750,1000.000000,1000.000061,19.999983,2739.999512,RUNNING,0x00000000
3760,1000.000000,1000.000061,19.999983,2749.999512,RUNNING,0x00000000
3770,1000.000000,1000.000061,19.999983,2759.999512,RUNNING,0x00000000
3780,1000.000000,1000.000061,19.999983,2769.999512,RUNNING,0x00000000
3790,1000.000000,1000.000061,19.999983,2779.999512,RUNNING,0x00000000
3800,1000.000000,1000.000061,19.999983,2789.999512,RUNNING,0x00000000
3810,1000.000000,1000.000061,19.999983,2799.999512,RUNNING,0x00000000
3820,1000.000000,1000.000061,19.999983,2809.999512,RUNNING,0x00000000
3830,1000.000000,1000.000061,19.999983,2819.999512,RUNNING,0x00000000
3840,1000.000000,1000.000061,19.999983,2829.999512,RUNNING,0x00000000
3850,1000.000000,1000.000061,19.999983,2839.999512,RUNNING,0x00000000
3860,1000.000000,1000.000061,19.999983,2849.999512,RUNNING,0x00000000
3870,1000.000000,1000.000061,19.999983,2859.999512,RUNNING,0x00000000
3880,1000.000000,1000.000061,19.999983,2869.999512,RUNNING,0x00000000
3890,1000.000000,1000.000061,19.999983,2879.999512,RUNNING,0x00000000
3900,1000.000000,1000.000061,19.999983,2889.999512,RUNNING,0x00000000
3910,1000.000000,1000.000061,19.999983,2899.999512,RUNNING,0x00000000
3920,1000.000000,1000.000061,19.999983,2909.999512,RUNNING,0x00000000
3930,1000.000000,1000.000061,19.999983,2919.999512,RUNNING,0x00000000
3940,1000.000000,1000.000061,19.999983,2929.999512,RUNNING,0x00000000
3950,1000.000000,1000.000061,19.999983,2939.999512,RUNNING,0x00000000
3960,1000.000000,1000.000061,19.999983,2949.999512,RUNNING,0x00000000
3970,1000.000000,1000.000061,19.999983,2959.999512,RUNNING,0x00000000
3980,1000.000000,1000.000061,19.999983,2969.999512,RUNNING,0x00000000
3990,1000.000000,1000.000061,19.999983,2979.999512,RUNNING,0x00000000
4000,1000.000000,1000.000061,19.999983,2989.999512,RUNNING,0x00000000
4010,1000.000000,1000.000061,19.999983,2989.999512,RUNNING,0x00000000
4020,1000.000000,1000.000061,19.999983,2989.999512,RUNNING,0x00000000
4030,1000.000000,1000.000061,19.999983,2989.999512,RUNNING,0x00000000
4040,1000.000000,1000.000061,19.999983,2989.999512,RUNNING,0x00000000
4050,1000.000000,1000.000061,19.999983,2989.999512,RUNNING,0x00000000
4060,1000.000000,1000.000061,19.999983,2989.999512,RUNNING,0x00000000
4070,1000.000000,1000.000061,19.999983,2989.999512,RUNNING,0x00000000
4080,1000.000000,1000.000061,19.999983,2989.999512,RUNNING,0x00000000
4090,1000.000000,1000.000061,19.999983,2989.999512,RUNNING,0x00000000
4100,1000.000000,1000.000061,19.999983,2989.999512,RUNNING,0x00000000
4110,1000.000000,1000.000061,19.999983,2989.999512,RUNNING,0x00000000
4120,1000.000000,1000.000061,19.999983,2989.999512,RUNNING,0x00000000
4130,1000.000000,1000.000061,19.999983,2989.999512,RUNNING,0x00000000
4140,1000.000000,1000.000061,19.999983,2989.999512,RUNNING,0x00000000
4150,1000.000000,1000.000061,19.999983,2989.999512,RUNNING,0x00000000
4160,1000.000000,1000.000061,19.999983,2989.999512,RUNNING,0x00000000
4170,1000.000000,1000.000061,19.999983,2989.999512,RUNNING,0x00000000
4180,1000.000000,1000.000061,19.999983,2989.999512,RUNNING,0x00000000
4190,1000.000000,1000.000061,19.999983,2989.999512,RUNNING,0x00000000
4200,1000.000000,1000.000061,0.000000,2989.999512,ERROR,0x00000002
4210,1000.000000,1000.000061,0.000000,2989.999512,ERROR,0x00000002
4220,1000.000000,1000.000061,0.000000,2989.999512,ERROR,0x00000002
4230,1000.000000,1000.000061,0.000000,2989.999512,ERROR,0x00000002
4240,1000.000000,1000.000061,0.000000,2989.999512,ERROR,0x00000002
4250,1000.000000,1000.000061,0.000000,2989.999512,ERROR,0x00000002
4260,1000.000000,1000.000061,0.000000,2989.999512,ERROR,0x00000002
4270,1000.000000,1000.000061,0.000000,2989.999512,ERROR,0x00000002
4280,1000.000000,1000.000061,0.000000,2989.999512,ERROR,0x00000002
4290,1000.000000,1000.000061,0.000000,2989.999512,ERROR,0x00000002
4300,1000.000000,1000.000061,0.000000,2989.999512,ERROR,0x00000002
4310,1000.000000,1000.000061,0.000000,2989.999512,ERROR,0x00000002
4320,1000.000000,1000.000061,0.000000,2989.999512,ERROR,0x00000002
4330,1000.000000,1000.000061,0.000000,2989.999512,ERROR,0x00000002
4340,1000.000000,1000.000061,0.000000,2989.999512,ERROR,0x00000002
4350,1000.000000,1000.000061,0.000000,2989.999512,ERROR,0x00000002
4360,1000.000000,1000.000061,0.000000,2989.999512,ERROR,0x00000002
4370,1000.000000,1000.000061,0.000000,2989.999512,ERROR,0x00000002
4380,1000.000000,1000.000061,0.000000,2989.999512,ERROR,0x00000002
4390,1000.000000,1000.000061,0.000000,2989.999512,ERROR,0x00000002
4400,1000.000000,1000.000061,0.000000,2989.999512,ERROR,0x00000002
4410,1000.000000,1000.000061,0.000000,2989.999512,ERROR,0x00000002
4420,1000.000000,1000.000061,0.000000,2989.999512,ERROR,0x00000002
4430,1000.000000,1000.000061,0.000000,2989.999512,ERROR,0x00000002
4440,1000.000000,1000.000061,0.000000,2989.999512,ERROR,0x00000002
4450,1000.000000,1000.000061,0.000000,2989.999512,ERROR,0x00000002
4460,1000.000000,1000.000061,0.000000,2989.999512,ERROR,0x00000002
4470,1000.000000,1000.000061,0.000000,2989.999512,ERROR,0x00000002
4480,1000.000000,1000.000061,0.000000,2989.999512,ERROR,0x00000002
4490,1000.000000,1000.000061,0.000000,2989.999512,ERROR,0x00000002
4500,1000.000000,1000.000061,0.000000,2989.999512,ERROR,0x00000002
4510,1000.000000,1000.000061,0.000000,2989.999512,ERROR,0x00000002
4520,1000.000000,1000.000061,0.000000,2989.999512,ERROR,0x00000002
4530,1000.000000,1000.000061,0.000000,2989.999512,ERROR,0x00000002
4540,1000.000000,1000.000061,0.000000,2989.999512,ERROR,0x00000002
4550,1000.000000,1000.000061,0.000000,2989.999512,ERROR,0x00000002
4560,1000.000000,1000.000061,0.000000,2989.999512,ERROR,0x00000002
4570,1000.000000,1000.000061,0.000000,2989.999512,ERROR,0x00000002
4580,1000.000000,1000.000061,0.000000,2989.999512,ERROR,0x00000002
4590,1000.000000,1000.000061,0.000000,2989.999512,ERROR,0x00000002
4600,1000.000000,1000.000061,0.000000,2989.999512,ERROR,0x00000002
4610,1000.000000,1000.000061,0.000000,2989.999512,ERROR,0x00000002
4620,1000.000000,1000.000061,0.000000,2989.999512,ERROR,0x00000002
4630,1000.000000,1000.000061,0.000000,2989.999512,ERROR,0x00000002
4640,1000.000000,1000.000061,0.000000,2989.999512,ERROR,0x00000002
4650,1000.000000,1000.000061,0.000000,2989.999512,ERROR,0x00000002
4660,1000.000000,1000.000061,0.000000,2989.999512,ERROR,0x00000002
4670,1000.000000,1000.000061,0.000000,2989.999512,ERROR,0x00000002
4680,1000.000000,1000.000061,0.000000,2989.999512,ERROR,0x00000002
4690,1000.000000,1000.000061,0.000000,2989.999512,ERROR,0x00000002
4700,1000.000000,1000.000061,0.000000,2989.999512,ERROR,0x00000002
4710,1000.000000,1000.000061,0.000000,2989.999512,ERROR,0x00000002
4720,1000.000000,1000.000061,0.000000,2989.999512,ERROR,0x00000002
4730,1000.000000,1000.000061,0.000000,2989.999512,ERROR,0x00000002
4740,1000.000000,1000.000061,0.000000,2989.999512,ERROR,0x00000002
4750,1000.000000,1000.000061,0.000000,2989.999512,ERROR,0x00000002
4760,1000.000000,1000.000061,0.000000,2989.999512,ERROR,0x00000002
4770,1000.000000,1000.000061,0.000000,2989.999512,ERROR,0x00000002
4780,1000.000000,1000.000061,0.000000,2989.999512,ERROR,0x00000002
4790,1000.000000,1000.000061,0.000000,2989.999512,ERROR,0x00000002
4800,1000.000000,1000.000061,0.000000,2989.999512,ERROR,0x00000002
4810,1000.000000,1000.000061,0.000000,2989.999512,ERROR,0x00000002
4820,1000.000000,1000.000061,0.000000,2989.999512,ERROR,0x00000002
4830,1000.000000,1000.000061,0.000000,2989.999512,ERROR,0x00000002
4840,1000.000000,1000.000061,0.000000,2989.999512,ERROR,0x00000002
4850,1000.000000,1000.000061,0.000000,2989.999512,ERROR,0x00000002
4860,1000.000000,1000.000061,0.000000,2989.999512,ERROR,0x00000002
4870,1000.000000,1000.000061,0.000000,2989.999512,ERROR,0x00000002
4880,1000.000000,1000.000061,0.000000,2989.999512,ERROR,0x00000002
4890,1000.000000,1000.000061,0.000000,2989.999512,ERROR,0x00000002
4900,1000.000000,1000.000061,0.000000,2989.999512,ERROR,0x00000002
4910,1000.000000,1000.000061,0.000000,2989.999512,ERROR,0x00000002
4920,1000.000000,1000.000061,0.000000,2989.999512,ERROR,0x00000002
4930,1000.000000,1000.000061,0.000000,2989.999512,ERROR,0x00000002
4940,1000.000000,1000.000061,0.000000,2989.999512,ERROR,0x00000002
4950,1000.000000,1000.000061,0.000000,2989.999512,ERROR,0x00000002
4960,1000.000000,1000.000061,0.000000,2989.999512,ERROR,0x00000002
4970,1000.000000,1000.000061,0.000000,2989.999512,ERROR,0x00000002
4980,1000.000000,1000.000061,0.000000,2989.999512,ERROR,0x00000002
4990,1000.000000,1000.000061,0.000000,2989.999512,ERROR,0x00000002
5000,1000.000000,1000.000061,0.000000,2989.999512,ERROR,0x00000002
5010,1000.000000,1000.000061,0.000000,2989.999512,ERROR,0x00000002
5020,1000.000000,1000.000061,0.000000,2989.999512,ERROR,0x00000002
5030,1000.000000,1000.000061,0.000000,2989.999512,ERROR,0x00000002
5040,1000.000000,1000.000061,0.000000,2989.999512,ERROR,0x00000002
5050,1000.000000,1000.000061,0.000000,2989.999512,ERROR,0x00000002
5060,1000.000000,1000.000061,0.000000,2989.999512,ERROR,0x00000002
5070,1000.000000,1000.000061,0.000000,2989.999512,ERROR,0x00000002
5080,1000.000000,1000.000061,0.000000,2989.999512,ERROR,0x00000002
5090,1000.000000,1000.000061,0.000000,2989.999512,ERROR,0x00000002
5100,1000.000000,1000.000061,0.000000,2989.999512,ERROR,0x00000002
5110,1000.000000,1000.000061,0.000000,2989.999512,ERROR,0x00000002
5120,1000.000000,1000.000061,0.000000,2989.999512,ERROR,0x00000002
5130,1000.000000,1000.000061,0.000000,2989.999512,ERROR,0x00000002
5140,1000.000000,1000.000061,0.000000,2989.999512,ERROR,0x00000002
5150,1000.000000,1000.000061,0.000000,2989.999512,ERROR,0x00000002
5160,1000.000000,1000.000061,0.000000,2989.999512,ERROR,0x00000002
5170,1000.000000,1000.000061,0.000000,2989.999512,ERROR,0x00000002
5180,1000.000000,1000.000061,0.000000,2989.999512,ERROR,0x00000002
5190,1000.000000,1000.000061,0.000000,2989.999512,ERROR,0x00000002
5200,1000.000000,1000.000061,0.000000,2989.999512,ERROR,0x00000002
5210,1000.000000,1000.000061,0.000000,2989.999512,ERROR,0x00000002
5220,1000.000000,1000.000061,0.000000,2989.999512,ERROR,0x00000002
5230,1000.000000,1000.000061,0.000000,2989.999512,ERROR,0x00000002
5240,1000.000000,1000.000061,0.000000,2989.999512,ERROR,0x00000002
5250,1000.000000,1000.000061,0.000000,2989.999512,ERROR,0x00000002
5260,1000.000000,1000.000061,0.000000,2989.999512,ERROR,0x00000002
5270,1000.000000,1000.000061,0.000000,2989.999512,ERROR,0x00000002
5280,1000.000000,1000.000061,0.000000,2989.999512,ERROR,0x00000002
5290,1000.000000,1000.000061,0.000000,2989.999512,ERROR,0x00000002
5300,1000.000000,1000.000061,0.000000,2989.999512,ERROR,0x00000002
5310,1000.000000,1000.000061,0.000000,2989.999512,ERROR,0x00000002
5320,1000.000000,1000.000061,0.000000,2989.999512,ERROR,0x00000002
5330,1000.000000,1000.000061,0.000000,2989.999512,ERROR,0x00000002
5340,1000.000000,1000.000061,0.000000,2989.999512,ERROR,0x00000002
5350,1000.000000,1000.000061,0.000000,2989.999512,ERROR,0x00000002
5360,1000.000000,1000.000061,0.000000,2989.999512,ERROR,0x00000002
5370,1000.000000,1000.000061,0.000000,2989.999512,ERROR,0x00000002
5380,1000.000000,1000.000061,0.000000,2989.999512,ERROR,0x00000002
5390,1000.000000,1000.000061,0.000000,2989.999512,ERROR,0x00000002
5400,1000.000000,1000.000061,0.000000,2989.999512,ERROR,0x00000002
5410,1000.000000,1000.000061,0.000000,2989.999512,ERROR,0x00000002
5420,1000.000000,1000.000061,0.000000,2989.999512,ERROR,0x00000002
5430,1000.000000,1000.000061,0.000000,2989.999512,ERROR,0x00000002
5440,1000.000000,1000.000061,0.000000,2989.999512,ERROR,0x00000002
5450,1000.000000,1000.000061,0.000000,2989.999512,ERROR,0x00000002
5460,1000.000000,1000.000061,0.000000,2989.999512,ERROR,0x00000002
5470,1000.000000,1000.000061,0.000000,2989.999512,ERROR,0x00000002
5480,1000.000000,1000.000061,0.000000,2989.999512,ERROR,0x00000002
5490,1000.000000,1000.000061,0.000000,2989.999512,ERROR,0x00000002
5500,1000.000000,1000.000061,0.000000,2989.999512,ERROR,0x00000002
5510,1000.000000,1000.000061,0.000000,2989.999512,ERROR,0x00000002
5520,1000.000000,1000.000061,0.000000,2989.999512,ERROR,0x00000002
5530,1000.000000,1000.000061,0.000000,2989.999512,ERROR,0x00000002
5540,1000.000000,1000.000061,0.000000,2989.999512,ERROR,0x00000002
5550,1000.000000,1000.000061,0.000000,2989.999512,ERROR,0x00000002
5560,1000.000000,1000.000061,0.000000,2989.999512,ERROR,0x00000002
5570,1000.000000,1000.000061,0.000000,2989.999512,ERROR,0x00000002
5580,1000.000000,1000.000061,0.000000,2989.999512,ERROR,0x00000002
5590,1000.000000,1000.000061,0.000000,2989.999512,ERROR,0x00000002
5600,1000.000000,1000.000061,0.000000,2989.999512,ERROR,0x00000002
5610,1000.000000,1000.000061,0.000000,2989.999512,ERROR,0x00000002
5620,1000.000000,1000.000061,0.000000,2989.999512,ERROR,0x00000002
5630,1000.000000,1000.000061,0.000000,2989.999512,ERROR,0x00000002
5640,1000.000000,1000.000061,0.000000,2989.999512,ERROR,0x00000002
5650,1000.000000,1000.000061,0.000000,2989.999512,ERROR,0x00000002
5660,1000.000000,1000.000061,0.000000,2989.999512,ERROR,0x00000002
5670,1000.000000,1000.000061,0.000000,2989.999512,ERROR,0x00000002
5680,1000.000000,1000.000061,0.000000,2989.999512,ERROR,0x00000002
5690,1000.000000,1000.000061,0.000000,2989.999512,ERROR,0x00000002
5700,1000.000000,1000.000061,0.000000,2989.999512,ERROR,0x00000002
5710,1000.000000,1000.000061,0.000000,2989.999512,ERROR,0x00000002
5720,1000.000000,1000.000061,0.000000,2989.999512,ERROR,0x00000002
5730,1000.000000,1000.000061,0.000000,2989.999512,ERROR,0x00000002
5740,1000.000000,1000.000061,0.000000,2989.999512,ERROR,0x00000002
5750,1000.000000,1000.000061,0.000000,2989.999512,ERROR,0x00000002
5760,1000.000000,1000.000061,0.000000,2989.999512,ERROR,0x00000002
5770,1000.000000,1000.000061,0.000000,2989.999512,ERROR,0x00000002
5780,1000.000000,1000.000061,0.000000,2989.999512,ERROR,0x00000002
5790,1000.000000,1000.000061,0.000000,2989.999512,ERROR,0x00000002
5800,1000.000000,1000.000061,0.000000,2989.999512,ERROR,0x00000002
5810,1000.000000,1000.000061,0.000000,2989.999512,ERROR,0x00000002
5820,1000.000000,1000.000061,0.000000,2989.999512,ERROR,0x00000002
5830,1000.000000,1000.000061,0.000000,2989.999512,ERROR,0x00000002
5840,1000.000000,1000.000061,0.000000,2989.999512,ERROR,0x00000002
5850,1000.000000,1000.000061,0.000000,2989.999512,ERROR,0x00000002
5860,1000.000000,1000.000061,0.000000,2989.999512,ERROR,0x00000002
5870,1000.000000,1000.000061,0.000000,2989.999512,ERROR,0x00000002
5880,1000.000000,1000.000061,0.000000,2989.999512,ERROR,0x00000002
5890,1000.000000,1000.000061,0.000000,2989.999512,ERROR,0x00000002
5900,1000.000000,1000.000061,0.000000,2989.999512,ERROR,0x00000002
5910,1000.000000,1000.000061,0.000000,2989.999512,ERROR,0x00000002
5920,1000.000000,1000.000061,0.000000,2989.999512,ERROR,0x00000002
5930,1000.000000,1000.000061,0.000000,2989.999512,ERROR,0x00000002
5940,1000.000000,1000.000061,0.000000,2989.999512,ERROR,0x00000002
5950,1000.000000,1000.000061,0.000000,2989.999512,ERROR,0x00000002
5960,1000.000000,1000.000061,0.000000,2989.999512,ERROR,0x00000002
5970,1000.000000,1000.000061,0.000000,2989.999512,ERROR,0x00000002
5980,1000.000000,1000.000061,0.000000,2989.999512,ERROR,0x00000002
5990,1000.000000,1000.000061,0.000000,2989.999512,ERROR,0x00000002
6000,1000.000000,1000.000061,0.000000,2989.999512,ERROR,0x00000002
6010,1000.000000,1000.000061,0.000000,2989.999512,ERROR,0x00000002
6020,1000.000000,1000.000061,0.000000,2989.999512,ERROR,0x00000002
6030,1000.000000,1000.000061,0.000000,2989.999512,ERROR,0x00000002
6040,1000.000000,1000.000061,0.000000,2989.999512,ERROR,0x00000002
6050,1000.000000,1000.000061,0.000000,2989.999512,ERROR,0x00000002
6060,1000.000000,1000.000061,0.000000,2989.999512,ERROR,0x00000002
6070,1000.000000,1000.000061,0.000000,2989.999512,ERROR,0x00000002
6080,1000.000000,1000.000061,0.000000,2989.999512,ERROR,0x00000002
6090,1000.000000,1000.000061,0.000000,2989.999512,ERROR,0x00000002
6100,1000.000000,1000.000061,0.000000,2989.999512,ERROR,0x00000002
6110,1000.000000,1000.000061,0.000000,2989.999512,ERROR,0x00000002
6120,1000.000000,1000.000061,0.000000,2989.999512,ERROR,0x00000002
6130,1000.000000,1000.000061,0.000000,2989.999512,ERROR,0x00000002
6140,1000.000000,1000.000061,0.000000,2989.999512,ERROR,0x00000002
6150,1000.000000,1000.000061,0.000000,2989.999512,ERROR,0x00000002
6160,1000.000000,1000.000061,0.000000,2989.999512,ERROR,0x00000002
6170,1000.000000,1000.000061,0.000000,2989.999512,ERROR,0x00000002
6180,1000.000000,1000.000061,0.000000,2989.999512,ERROR,0x00000002
6190,1000.000000,1000.000061,0.000000,2989.999512,ERROR,0x00000002
6200,1000.000000,1000.000061,0.000000,2989.999512,ERROR,0x00000002
6210,1000.000000,1000.000061,0.000000,2989.999512,ERROR,0x00000002
6220,1000.000000,1000.000061,0.000000,2989.999512,ERROR,0x00000002
6230,1000.000000,1000.000061,0.000000,2989.999512,ERROR,0x00000002
6240,1000.000000,1000.000061,0.000000,2989.999512,ERROR,0x00000002
6250,1000.000000,1000.000061,0.000000,2989.999512,ERROR,0x00000002
6260,1000.000000,1000.000061,0.000000,2989.999512,ERROR,0x00000002
6270,1000.000000,1000.000061,0.000000,2989.999512,ERROR,0x00000002
6280,1000.000000,1000.000061,0.000000,2989.999512,ERROR,0x00000002
6290,1000.000000,1000.000061,0.000000,2989.999512,ERROR,0x00000002
6300,1000.000000,1000.000061,0.000000,2989.999512,ERROR,0x00000002
6310,1000.000000,1000.000061,0.000000,2989.999512,ERROR,0x00000002
6320,1000.000000,1000.000061,0.000000,2989.999512,ERROR,0x00000002
6330,1000.000000,1000.000061,0.000000,2989.999512,ERROR,0x00000002
6340,1000.000000,1000.000061,0.000000,2989.999512,ERROR,0x00000002
6350,1000.000000,1000.000061,0.000000,2989.999512,ERROR,0x00000002
6360,1000.000000,1000.000061,0.000000,2989.999512,ERROR,0x00000002
6370,1000.000000,1000.000061,0.000000,2989.999512,ERROR,0x00000002
6380,1000.000000,1000.000061,0.000000,2989.999512,ERROR,0x00000002
6390,1000.000000,1000.000061,0.000000,2989.999512,ERROR,0x00000002
6400,1000.000000,1000.000061,0.000000,2989.999512,ERROR,0x00000002
6410,1000.000000,1000.000061,0.000000,2989.999512,ERROR,0x00000002
6420,1000.000000,1000.000061,0.000000,2989.999512,ERROR,0x00000002
6430,1000.000000,1000.000061,0.000000,2989.999512,ERROR,0x00000002
6440,1000.000000,1000.000061,0.000000,2989.999512,ERROR,0x00000002
6450,1000.000000,1000.000061,0.000000,2989.999512,ERROR,0x00000002
6460,1000.000000,1000.000061,0.000000,2989.999512,ERROR,0x00000002
6470,1000.000000,1000.000061,0.000000,2989.999512,ERROR,0x00000002
6480,1000.000000,1000.000061,0.000000,2989.999512,ERROR,0x00000002
6490,1000.000000,1000.000061,0.000000,2989.999512,ERROR,0x00000002
6500,1000.000000,1000.000061,0.000000,2989.999512,ERROR,0x00000002
6510,1000.000000,1000.000061,0.000000,2989.999512,ERROR,0x00000002
6520,1000.000000,1000.000061,0.000000,2989.999512,ERROR,0x00000002
6530,1000.000000,1000.000061,0.000000,2989.999512,ERROR,0x00000002
6540,1000.000000,1000.000061,0.000000,2989.999512,ERROR,0x00000002
6550,1000.000000,1000.000061,0.000000,2989.999512,ERROR,0x00000002
6560,1000.000000,1000.000061,0.000000,2989.999512,ERROR,0x00000002
6570,1000.000000,1000.000061,0.000000,2989.999512,ERROR,0x00000002
6580,1000.000000,1000.000061,0.000000,2989.999512,ERROR,0x00000002
6590,1000.000000,1000.000061,0.000000,2989.999512,ERROR,0x00000002
6600,1000.000000,1000.000061,0.000000,2989.999512,ERROR,0x00000002
6610,1000.000000,1000.000061,0.000000,2989.999512,ERROR,0x00000002
6620,1000.000000,1000.000061,0.000000,2989.999512,ERROR,0x00000002
6630,1000.000000,1000.000061,0.000000,2989.999512,ERROR,0x00000002
6640,1000.000000,1000.000061,0.000000,2989.999512,ERROR,0x00000002
6650,1000.000000,1000.000061,0.000000,2989.999512,ERROR,0x00000002
6660,1000.000000,1000.000061,0.000000,2989.999512,ERROR,0x00000002
6670,1000.000000,1000.000061,0.000000,2989.999512,ERROR,0x00000002
6680,1000.000000,1000.000061,0.000000,2989.999512,ERROR,0x00000002
6690,1000.000000,1000.000061,0.000000,2989.999512,ERROR,0x00000002
6700,1000.000000,1000.000061,0.000000,2989.999512,ERROR,0x00000002
6710,1000.000000,1000.000061,0.000000,2989.999512,ERROR,0x00000002
6720,1000.000000,1000.000061,0.000000,2989.999512,ERROR,0x00000002
6730,1000.000000,1000.000061,0.000000,2989.999512,ERROR,0x00000002
6740,1000.000000,1000.000061,0.000000,2989.999512,ERROR,0x00000002
6750,1000.000000,1000.000061,0.000000,2989.999512,ERROR,0x00000002
6760,1000.000000,1000.000061,0.000000,2989.999512,ERROR,0x00000002
6770,1000.000000,1000.000061,0.000000,2989.999512,ERROR,0x00000002
6780,1000.000000,1000.000061,0.000000,2989.999512,ERROR,0x00000002
6790,1000.000000,1000.000061,0.000000,2989.999512,ERROR,0x00000002
6800,1000.000000,1000.000061,0.000000,2989.999512,ERROR,0x00000002
6810,1000.000000,1000.000061,0.000000,2989.999512,ERROR,0x00000002
6820,1000.000000,1000.000061,0.000000,2989.999512,ERROR,0x00000002
6830,1000.000000,1000.000061,0.000000,2989.999512,ERROR,0x00000002
6840,1000.000000,1000.000061,0.000000,2989.999512,ERROR,0x00000002
6850,1000.000000,1000.000061,0.000000,2989.999512,ERROR,0x00000002
6860,1000.000000,1000.000061,0.000000,2989.999512,ERROR,0x00000002
6870,1000.000000,1000.000061,0.000000,2989.999512,ERROR,0x00000002
6880,1000.000000,1000.000061,0.000000,2989.999512,ERROR,0x00000002
6890,1000.000000,1000.000061,0.000000,2989.999512,ERROR,0x00000002
6900,1000.000000,1000.000061,0.000000,2989.999512,ERROR,0x00000002
6910,1000.000000,1000.000061,0.000000,2989.999512,ERROR,0x00000002
6920,1000.000000,1000.000061,0.000000,2989.999512,ERROR,0x00000002
6930,1000.000000,1000.000061,0.000000,2989.999512,ERROR,0x00000002
6940,1000.000000,1000.000061,0.000000,2989.999512,ERROR,0x00000002
6950,1000.000000,1000.000061,0.000000,2989.999512,ERROR,0x00000002
6960,1000.000000,1000.000061,0.000000,2989.999512,ERROR,0x00000002
6970,1000.000000,1000.000061,0.000000,2989.999512,ERROR,0x00000002
6980,1000.000000,1000.000061,0.000000,2989.999512,ERROR,0x00000002
6990,1000.000000,1000.000061,0.000000,2989.999512,ERROR,0x00000002
7000,1000.000000,1000.000061,0.000000,2989.999512,ERROR,0x00000002
7010,1000.000000,1000.000061,0.000000,2989.999512,ERROR,0x00000002
7020,1000.000000,1000.000061,0.000000,2989.999512,ERROR,0x00000002
7030,1000.000000,1000.000061,0.000000,2989.999512,ERROR,0x00000002
7040,1000.000000,1000.000061,0.000000,2989.999512,ERROR,0x00000002
7050,1000.000000,1000.000061,0.000000,2989.999512,ERROR,0x00000002
7060,1000.000000,1000.000061,0.000000,2989.999512,ERROR,0x00000002
7070,1000.000000,1000.000061,0.000000,2989.999512,ERROR,0x00000002
7080,1000.000000,1000.000061,0.000000,2989.999512,ERROR,0x00000002
7090,1000.000000,1000.000061,0.000000,2989.999512,ERROR,0x00000002
7100,1000.000000,1000.000061,0.000000,2989.999512,ERROR,0x00000002
7110,1000.000000,1000.000061,0.000000,2989.999512,ERROR,0x00000002
7120,1000.000000,1000.000061,0.000000,2989.999512,ERROR,0x00000002
7130,1000.000000,1000.000061,0.000000,2989.999512,ERROR,0x00000002
7140,1000.000000,1000.000061,0.000000,2989.999512,ERROR,0x00000002
7150,1000.000000,1000.000061,0.000000,2989.999512,ERROR,0x00000002
7160,1000.000000,1000.000061,0.000000,2989.999512,ERROR,0x00000002
7170,1000.000000,1000.000061,0.000000,2989.999512,ERROR,0x00000002
7180,1000.000000,1000.000061,0.000000,2989.999512,ERROR,0x00000002
7190,1000.000000,1000.000061,0.000000,2989.999512,ERROR,0x00000002
7200,1000.000000,1000.000061,0.000000,2989.999512,ERROR,0x00000002
7210,1000.000000,1000.000061,0.000000,2989.999512,ERROR,0x00000002
7220,1000.000000,1000.000061,0.000000,2989.999512,ERROR,0x00000002
7230,1000.000000,1000.000061,0.000000,2989.999512,ERROR,0x00000002
7240,1000.000000,1000.000061,0.000000,2989.999512,ERROR,0x00000002
7250,1000.000000,1000.000061,0.000000,2989.999512,ERROR,0x00000002
7260,1000.000000,1000.000061,0.000000,2989.999512,ERROR,0x00000002
7270,1000.000000,1000.000061,0.000000,2989.999512,ERROR,0x00000002
7280,1000.000000,1000.000061,0.000000,2989.999512,ERROR,0x00000002
7290,1000.000000,1000.000061,0.000000,2989.999512,ERROR,0x00000002
7300,1000.000000,1000.000061,0.000000,2989.999512,ERROR,0x00000002
7310,1000.000000,1000.000061,0.000000,2989.999512,ERROR,0x00000002
7320,1000.000000,1000.000061,0.000000,2989.999512,ERROR,0x00000002
7330,1000.000000,1000.000061,0.000000,2989.999512,ERROR,0x00000002
7340,1000.000000,1000.000061,0.000000,2989.999512,ERROR,0x00000002
7350,1000.000000,1000.000061,0.000000,2989.999512,ERROR,0x00000002
7360,1000.000000,1000.000061,0.000000,2989.999512,ERROR,0x00000002
7370,1000.000000,1000.000061,0.000000,2989.999512,ERROR,0x00000002
7380,1000.000000,1000.000061,0.000000,2989.999512,ERROR,0x00000002
7390,1000.000000,1000.000061,0.000000,2989.999512,ERROR,0x00000002
7400,1000.000000,1000.000061,0.000000,2989.999512,ERROR,0x00000002
7410,1000.000000,1000.000061,0.000000,2989.999512,ERROR,0x00000002
7420,1000.000000,1000.000061,0.000000,2989.999512,ERROR,0x00000002
7430,1000.000000,1000.000061,0.000000,2989.999512,ERROR,0x00000002
7440,1000.000000,1000.000061,0.000000,2989.999512,ERROR,0x00000002
7450,1000.000000,1000.000061,0.000000,2989.999512,ERROR,0x00000002
7460,1000.000000,1000.000061,0.000000,2989.999512,ERROR,0x00000002
7470,1000.000000,1000.000061,0.000000,2989.999512,ERROR,0x00000002
7480,1000.000000,1000.000061,0.000000,2989.999512,ERROR,0x00000002
7490,1000.000000,1000.000061,0.000000,2989.999512,ERROR,0x00000002
7500,1000.000000,1000.000061,0.000000,2989.999512,ERROR,0x00000002
7510,1000.000000,1000.000061,0.000000,2989.999512,ERROR,0x00000002
7520,1000.000000,1000.000061,0.000000,2989.999512,ERROR,0x00000002
7530,1000.000000,1000.000061,0.000000,2989.999512,ERROR,0x00000002
7540,1000.000000,1000.000061,0.000000,2989.999512,ERROR,0x00000002
7550,1000.000000,1000.000061,0.000000,2989.999512,ERROR,0x00000002
7560,1000.000000,1000.000061,0.000000,2989.999512,ERROR,0x00000002
7570,1000.000000,1000.000061,0.000000,2989.999512,ERROR,0x00000002
7580,1000.000000,1000.000061,0.000000,2989.999512,ERROR,0x00000002
7590,1000.000000,1000.000061,0.000000,2989.999512,ERROR,0x00000002
7600,1000.000000,1000.000061,0.000000,2989.999512,ERROR,0x00000002
7610,1000.000000,1000.000061,0.000000,2989.999512,ERROR,0x00000002
7620,1000.000000,1000.000061,0.000000,2989.999512,ERROR,0x00000002
7630,1000.000000,1000.000061,0.000000,2989.999512,ERROR,0x00000002
7640,1000.000000,1000.000061,0.000000,2989.999512,ERROR,0x00000002
7650,1000.000000,1000.000061,0.000000,2989.999512,ERROR,0x00000002
7660,1000.000000,1000.000061,0.000000,2989.999512,ERROR,0x00000002
7670,1000.000000,1000.000061,0.000000,2989.999512,ERROR,0x00000002
7680,1000.000000,1000.000061,0.000000,2989.999512,ERROR,0x00000002
7690,1000.000000,1000.000061,0.000000,2989.999512,ERROR,0x00000002
7700,1000.000000,1000.000061,0.000000,2989.999512,ERROR,0x00000002
7710,1000.000000,1000.000061,0.000000,2989.999512,ERROR,0x00000002
7720,1000.000000,1000.000061,0.000000,2989.999512,ERROR,0x00000002
7730,1000.000000,1000.000061,0.000000,2989.999512,ERROR,0x00000002
7740,1000.000000,1000.000061,0.000000,2989.999512,ERROR,0x00000002
7750,1000.000000,1000.000061,0.000000,2989.999512,ERROR,0x00000002
7760,1000.000000,1000.000061,0.000000,2989.999512,ERROR,0x00000002
7770,1000.000000,1000.000061,0.000000,2989.999512,ERROR,0x00000002
7780,1000.000000,1000.000061,0.000000,2989.999512,ERROR,0x00000002
7790,1000.000000,1000.000061,0.000000,2989.999512,ERROR,0x00000002
7800,1000.000000,1000.000061,0.000000,2989.999512,ERROR,0x00000002
7810,1000.000000,1000.000061,0.000000,2989.999512,ERROR,0x00000002
7820,1000.000000,1000.000061,0.000000,2989.999512,ERROR,0x00000002
7830,1000.000000,1000.000061,0.000000,2989.999512,ERROR,0x00000002
7840,1000.000000,1000.000061,0.000000,2989.999512,ERROR,0x00000002
7850,1000.000000,1000.000061,0.000000,2989.999512,ERROR,0x00000002
7860,1000.000000,1000.000061,0.000000,2989.999512,ERROR,0x00000002
7870,1000.000000,1000.000061,0.000000,2989.999512,ERROR,0x00000002
7880,1000.000000,1000.000061,0.000000,2989.999512,ERROR,0x00000002
7890,1000.000000,1000.000061,0.000000,2989.999512,ERROR,0x00000002
7900,1000.000000,1000.000061,0.000000,2989.999512,ERROR,0x00000002
7910,1000.000000,1000.000061,0.000000,2989.999512,ERROR,0x00000002
7920,1000.000000,1000.000061,0.000000,2989.999512,ERROR,0x00000002
7930,1000.000000,1000.000061,0.000000,2989.999512,ERROR,0x00000002
7940,1000.000000,1000.000061,0.000000,2989.999512,ERROR,0x00000002
7950,1000.000000,1000.000061,0.000000,2989.999512,ERROR,0x00000002
7960,1000.000000,1000.000061,0.000000,2989.999512,ERROR,0x00000002
7970,1000.000000,1000.000061,0.000000,2989.999512,ERROR,0x00000002
7980,1000.000000,1000.000061,0.000000,2989.999512,ERROR,0x00000002
7990,1000.000000,1000.000061,0.000000,2989.999512,ERROR,0x00000002
